111111111111111111111111111111111111111111111111111111111111111111111111111111111111111111111
100000000000000000000000000000000000000000000000000000000000000000000000000000000000000000001
100000400000000000000000000000000000000000000000500000000000000000000000000000000000000000001
100000000000000000000000000000000000000000000000000000000000000000000000000000000000000000001
100000000000000000000000000000000000000000000000000000000000000000000000000000000000000000001
100000000000000000000000000000000000000000000000000000000000000000000000000000000000000000001
100000000000000000000000000000000000000000000000000000000000000000000000000000000000000000001
100000000000000000000000000000000000000000000000000000000000000000000000000000000000000000001
100000000000000000000000000000000000000000000000000000000000000000000000000000000000000000001
100000000000000000000000000000000000000000000000000000000000000000000000000000000000000000001
100000000000000000000000000000000000000000000000000000000000000000000000000000000000000000001
100000000000000000000000000000000000000000000000000003000000000000000000000000000000000000001
100000000000000000000000000000000000000000000000000000000000000000000000000000000000000000001
100000000000000000003000000000000000000000000000000000000000000000000000000000000000000000001
100000000000000000000000000000000000000001000000000000000000000000000000000000000000000000001
100000000000000000000000000000000000000001000000000000000000000000000000000000000000000000001
100000000000000000000000000000000000000001000000000000000000000000000000000000000000000000001
100000000000000000000000000000000000000001000000000000000000000000000000000000000000000000001
100000000000000000000000000000000000000001000000000000000000000000000000000000000000000000001
100000000000000000000000000000000000000001500000000000000000000000000005000000000000000000001
100000000000000000000000000000000000000001000000000000000000000000000000000000000000000000001
100000000000000000000000000000000000000001000000000000000000000000000000000000000000000000001
100000000000000000000000000000000000000001000000000000030000000000000000000000000000000000001
111111111111111111111111111111111111111111000000000000000000000000000000000000000000000000001
100000000000000000000000000000000000000000000000000000000000000000000000000000000000500000001
100000000000000000000000000000000000000000000000000000000000000000000000000000000000000000001
100000000000000000000000000000000000000000000000000000000000000000000000000000000000000000001
100000000000000000000000000005000000000000000000000000030000000000000000000000000000000000001
100000000000000000000000000000000000000000000000000000000000000000000000000000000000000000001
100000000000000000000000000000000000000000000000000000000000000000000000000000000000000000001
100000000000000011111111111111111111111111111111111111111111111111111111111111111111111111111
100000000000000000000000000000000000000770000000000000000000000000000000000000000000000000001
100000000000000000000000000000000000000770000000000000000000000000000000000000003000000000001
100000000000000000000000000000003000000770000000000000000000000000000000000000000000000000001
100000000000000000000000000000000000000770000000000000000000000000000000000300000000000000001
100000000003000000000000000000000000000770000000000000000000000000000000000000000000000000001
100000000000000000000000000000000000000770000000000000000000000000000000000000000000000000001
111111111111111111111111111111111111111111111111111111111111111111111111000000000000000000001
100000000000000000000000000000000000000000000000000000077000000000000000000000000000000000001
100000000000000000000000000000000000000000000000000000077000000000000000000000000000000000001
100000000000000000000000000000000000000000000000000000077000000000000000000000000000000000001
100000000000000000000000000000000000000000000000000000077000000000000000000000000000000000001
100000000000000000000000000000000000000000000000000000077000000000000000000000000000000000001
100000000000011111111111111111111111111111111111111111111111111111111111111111111111111111111
100000000000000000000000000000000000000000000000000000000000000000000000000000000000000000001
100000000000000000000000000000000000000000000000000000000000000000000000000000000777770000001
100000000000000000000000000000000000000000000005000000000000000000000000000000000702070000001
100000000000000000000000000000000000000000000000000000000000000000000000000000000777770000001
100000000000000000000500000000000000000000000000000000000000000000000000000000000000000000001
100000000000000000000000000000000000000000000000000000000000000000000000000000000000000000001
111111111111111111111111111111111111111111111111111111111111111111111111111111111111111111111