111111111111111111111111111111111111111111111111111111111111111111111111111111111111111111111
100000000000000000000000000000000000000000000000000000000000000000000000000000000000000000001
100000400000000000000000000000000000000000000000500000000000000000000000000000000000000000001
100000000000000000000000000000000000000000000000000000000000000000000000000000000000000000001
100000000000000000000000000000000000000000000000000000000000000000000000000000000000000000001
100000000000000000000000000000000000000000000000000000000000000000000000000000000000000000001
100000000000000000000000000000000000000000000000000000000000000000000030000000000000000000001
100000000000000000000000000000000000000000000000000000000000000000000000000000000000000000001
111111111111111111111111111111111000000000000000000000000000000000000000000000000000000000001
100000000000000000000000000000007000000000000000000000000000000000000000000000000000000000001
100000000000000000006000006000007000000000000000000000000000000000000000000000000000000000001
100000000000000000000000000000007000000000000000000003000000000000000000000000000777770000001
100000000000000000000000000000007000000000000000000000000000000000000000000000000000000000001
100000000000000000003000000000001111111111111111111111111111111111111111111111000000000000001
100000000000000000000000000000000000000000000000000000000000000000000000000000000000000000001
100000000000000000000000000000000000600000000000000060000000000000000000000000000000000000001
100000000000000000000000000000000000000000000000000000000000000000000000000000000000000000001
100000000000000000777000000000000000000000000000000000007700000000000000000000000000000000001
100000000000000000777000000000000000000000000000000000007700000000000000000003000000000000001
100000000000000000777000000000000000000000500000000000007700000000000000000000000000000000001
100000000000000000000000000000000000000000000000000000000000000000000000000000000000000000001
100000000000000000000000000000000000000000000000000000000000000000000000000000000000000000001
100000000000000000000000000000000000000000000000000000030000000000000000000000000000000000001
100000000000000000000001111111111111111111111111111111111110000000000000000000000000000000001
100000000000000000000007000000000000000000000000000000000700000000000000000000000000000000001
100000000000000000000007000000000000000000000000000000000700000000000000000000000000000000001
100000000000000000000007000000000000000000000000000000000700000000000000000000000000000000001
100000000000000000000007000000000000000000000000000000000700000000000000000000000000000000001
111111111111111111111111111111111100000000000500000000001111111111111111111111111111111111111
100000000000000000000000000000000000000000000000000000000000000000000000000000000000000000001
100000000000000000000000000000300000000000000000000000000000000000000000000000000000000000001
100000000000000000000000000000000000000000000000000000000000000000000000000000000000000000001
100000000000000000000000000000000000000000000000000000000000000000000000000000000000000000001
100000000000000000000000000000000000000000000000000000000000000000000000000000000000000000001
100000000000000000000000000000000000000200000000000000000000000000000000000000000000000000001
100000000000000000000000000000000000000000000000000000000000000000000000000000000000000000001
100000000000000000000000000000000000000000000000000000000000000000000000000000000000000000001
100000000000000000000000000000000000000000000000000000000000000000000000000000000000000000001
100000000000000000000000000000000000000000000000000000000000000000000000000000000000000000001
100000000000000005000000000000000000000000000000000000000000000000000000000000000000000000001
100000000000000000000000000000000000000000000000000000000000000000000000000000000000000000001
100000000000000000000000000000000000000000000000000000000000000000000000000000000000000000001
100000000000000000000000000000000000000000000000000000000000000000000000000000000000000000001
100000000000000000000000000000000000000000000000000000000000000000000000000000000000000000001
100000000000000000000000000000000000000000000000000000000000000000000000000000000000000000001
100000000000000000000000000000000000000000000000000000000050000000000000000000000000000000001
100000000000000000000000000000000000000000000000000000000000000000000000000000000000000000001
100000000000000000000000000000000000000000000000000000000000000000000000000000000000000000001
100000000000000000000000000000000000000000000000000000000000000000000000000000000000000000001
100000000000000000000000000000000000000000000000000000000000000000000000000000000000000000001
111111111111111111111111111111111111111111111111111111111111111111111111111111111111111111111